
184.153 42.1102 1081.57
108.57 127.183 1010.59
48.401 141.58 997.604
161.482 102.611 966.701
137.7 115.487 986.663
66.4503 59.5279 1033.08
58.9747 111.474 981.706
101.76 38.59 1030.52
10.976 68.8245 970.733
106.332 46.6461 916.719
91.5674 127.026 1098.09
79.3444 50.2242 1008.43
70.1176 78.2864 1006.85
81.3608 15.5768 1008.11
44.0011 28.8506 1037.34
178.115 181.552 1008.22
55.0843 49.6588 919.715
47.0325 178.855 996.739
97.8521 182.598 1016.99
153.885 142.815 926.881
0 6.5462 10119.3
7.41219 0 10266.2
200 172.273 9950.57
145.533 200 10279.3
0 79.6601 10643.3
124.302 0 8958.89
200 67.0045 9122.87
198.829 200 9640.14
0 174.438 9816.31
111.475 0 9848.63
200 189.153 9782.67
104.344 200 9796.37
0 101.348 9890.44
108.338 0 9968.21
200 144.586 9799
154.576 200 9250
0 183.089 10429.6
27.192 0 10109
200 21.6468 10196.7
91.2714 200 9588.1
0 84.5204 9782.76
46.0262 0 10713.2
200 194.873 9635.06
129.31 200 10088.8
0 96.1265 9889.83
1.2306 0 9747.79
200 18.269 10016.8
170.988 200 10027
0 160.191 9049.85
98.9655 0 10737.3
200 144.353 10429.3
197.649 200 10148.3
0 97.4113 10170.3
157.401 0 10273.6
200 47.6325 10048.3
142.292 200 9936.36
0 88.6044 9169.56
86.8019 0 10229.5
200 37.5033 10322.1
136.573 200 9731.38
